0.01190805435180664
0.024971961975097656
0.02324199676513672
0.014697074890136719
0.026334047317504883
0.022259950637817383
0.016296863555908203
0.028384923934936523
0.029499053955078125
0.02918720245361328
0.029629945755004883
0.029592037200927734
0.030617952346801758
0.019358158111572266
0.020346879959106445
0.026067018508911133
0.022471904754638672
0.024663209915161133
0.01934194564819336
0.03265810012817383
0.03396320343017578
0.03442120552062988
0.033965110778808594
0.03432512283325195
0.034121036529541016
0.03455305099487305
0.03516387939453125
0.03589606285095215
0.02494502067565918
0.031141281127929688
0.036186933517456055
0.02904820442199707
0.02603006362915039
0.03853011131286621
0.038318634033203125
0.03898906707763672
0.039266109466552734
0.040407657623291016
0.04218888282775879
0.031973838806152344
0.041259050369262695
0.0332639217376709
0.03638505935668945
0.03604412078857422
0.04396486282348633
0.04361701011657715
0.039576053619384766
0.04607510566711426
0.04204821586608887
0.03522992134094238
0.03596997261047363
0.048310041427612305
0.049813032150268555
0.04017782211303711
0.03783679008483887
0.03826498985290527
0.03858304023742676
0.03887605667114258
0.03844618797302246
0.03824210166931152
0.038710832595825195
0.04015707969665527
0.03873610496520996
0.03992486000061035
0.040563106536865234
0.04008293151855469
0.04053092002868652
0.04091811180114746
0.04055190086364746
0.041342973709106445
0.04068398475646973
0.04120993614196777
0.04385733604431152
0.04444408416748047
0.04387784004211426
0.044696807861328125
0.04487872123718262
0.04374384880065918
0.021600008010864258
0.04686617851257324
0.04660487174987793
0.046013832092285156
0.04591202735900879
0.046113014221191406
0.045719146728515625
0.046266794204711914
0.04662585258483887
0.047247886657714844
0.04760885238647461
0.048996686935424805
0.04901933670043945
0.04921603202819824
0.04915213584899902
0.05022692680358887
0.04935789108276367
0.04918622970581055
0.049887895584106445
0.04967188835144043
0.049736976623535156
0.04945206642150879
0.050306081771850586
0.04567670822143555
0.044428110122680664
0.04419589042663574
0.04452085494995117
0.04432201385498047
0.04485607147216797
0.044196128845214844
0.04404783248901367
0.04424715042114258
0.04499697685241699
0.04447507858276367
0.04524683952331543
0.04733705520629883
0.04567384719848633
0.04432272911071777
0.04729008674621582
0.04426383972167969
0.047059059143066406
0.04565310478210449
0.04519224166870117
0.04553484916687012
0.04450511932373047
0.04630088806152344
0.04606795310974121
0.04427385330200195
0.04476213455200195
0.044908761978149414
0.04478573799133301
0.04394793510437012
0.04440879821777344
0.041120052337646484
0.04102206230163574
0.045057058334350586
0.04167890548706055
0.045191049575805664
0.040923118591308594
0.04371309280395508
0.04405403137207031
0.04475998878479004
0.04505300521850586
0.04390096664428711
0.04129481315612793
0.041425228118896484
0.042028188705444336
0.041977643966674805
0.039321184158325195
0.04080986976623535
0.041558027267456055
0.038553714752197266
0.0407259464263916
0.039434194564819336
0.040014028549194336
0.03841996192932129
0.03792309761047363
0.03985595703125
0.038073062896728516
0.038607120513916016
0.037590980529785156
0.03891301155090332
0.04019665718078613
0.03950691223144531
0.03923177719116211
0.040773868560791016
0.04084372520446777
0.04211711883544922
0.038616180419921875
0.03974413871765137
0.038507699966430664
0.039319753646850586
0.03848075866699219
0.03682875633239746
0.036597251892089844
0.04031515121459961
0.0376429557800293
0.0355682373046875
0.036794185638427734
0.03557419776916504
0.0359039306640625
0.03628182411193848
0.03608584403991699
0.036245107650756836
0.036377906799316406
0.03776097297668457
0.03744196891784668
0.0365910530090332
0.03666210174560547
0.03690910339355469
0.03786611557006836
0.036629676818847656
0.03827404975891113
0.036715030670166016
0.03724980354309082
0.0384221076965332
0.03965616226196289
0.03836178779602051
0.03786110877990723
0.03758502006530762
0.03655815124511719
0.03850412368774414
0.036727190017700195
0.03545880317687988
0.03563094139099121
0.03588700294494629
0.039337873458862305
0.03594398498535156
0.03980875015258789
0.04182100296020508
0.03485536575317383
0.04014468193054199
0.03385186195373535
0.03567790985107422
0.03459787368774414
0.032643795013427734
0.034517765045166016
0.03733420372009277
0.03212785720825195
0.03222513198852539
0.03419804573059082
0.03098011016845703
0.03161215782165527
0.029898881912231445
0.03460192680358887
0.03254985809326172
0.03442192077636719
0.033942222595214844
0.03259587287902832
0.03143596649169922
0.03425097465515137
0.030057907104492188
0.0303192138671875
0.03139519691467285
0.029887914657592773
0.029692888259887695
0.03128194808959961
0.0316009521484375
0.0327610969543457
0.033056020736694336
0.03315997123718262
0.033164024353027344
0.033529043197631836
0.03383302688598633
0.034709930419921875
0.03463411331176758
0.03432106971740723
0.03402090072631836
0.03469705581665039
0.035082101821899414
0.035436153411865234
0.03473830223083496
0.03465390205383301
0.03473401069641113
0.034749746322631836
0.03494095802307129
0.03439521789550781
0.03544211387634277
0.03327584266662598
0.034227848052978516
0.03529477119445801
0.035967350006103516
0.034780263900756836
0.03477215766906738
0.03486323356628418
0.03507184982299805
0.034813880920410156
0.03458690643310547
0.03435802459716797
0.03499627113342285
0.034911155700683594
0.03496098518371582
0.03538799285888672
0.03523731231689453
0.035317182540893555
0.035054683685302734
0.03581094741821289
0.0351109504699707
0.035490989685058594
0.035881996154785156
0.03637290000915527
0.036730051040649414
0.03682112693786621
0.03805375099182129
0.03787112236022949
0.036049842834472656
0.03777480125427246
0.0375368595123291
0.03618192672729492
0.034837961196899414
0.03354167938232422
0.03458213806152344
0.037946224212646484
0.03464508056640625
0.03443098068237305
0.03504586219787598
0.03557014465332031
0.035276174545288086
0.034852027893066406
0.033949851989746094
0.03423595428466797
0.03467512130737305
0.03419899940490723
0.03417706489562988
0.034017086029052734
0.034404754638671875
0.034488677978515625
0.03481912612915039
0.034829139709472656
0.03504800796508789
0.035572052001953125
0.03578519821166992
0.03566694259643555
0.03589892387390137
0.0363001823425293
0.036628007888793945
0.03688383102416992
0.03693795204162598
0.03700613975524902
0.037550926208496094
0.03836226463317871
0.038632869720458984
0.03917694091796875
0.039437055587768555
0.04017829895019531
0.04005694389343262
0.04068779945373535
0.0404510498046875
0.04102301597595215
0.04116988182067871
0.04174995422363281
0.04224896430969238
0.04209399223327637
0.04223895072937012
0.0422360897064209
0.04296302795410156
0.0427398681640625
0.043669939041137695
0.04310011863708496
0.04330921173095703
0.04418206214904785
0.04332423210144043
0.04235482215881348
0.042793989181518555
0.04209113121032715
0.04159116744995117
0.04129624366760254
0.041407108306884766
0.04151511192321777
0.04178619384765625
0.04169511795043945
0.04133105278015137
0.041562795639038086
0.04192805290222168
0.040680885314941406
0.041638851165771484
0.042472124099731445
0.04149818420410156
0.041559696197509766
0.042192935943603516
0.042114973068237305
0.042810916900634766
0.04278922080993652
0.04475903511047363
0.043328046798706055
0.04358983039855957
0.04377484321594238
0.04392290115356445
0.04331493377685547
0.04290604591369629
0.04390883445739746
0.04352593421936035
0.0436558723449707
0.04224109649658203
0.04372406005859375
0.04347109794616699
0.0434720516204834
0.04350113868713379
0.04345297813415527
0.04359912872314453
0.04244589805603027
0.043389320373535156
0.04271101951599121
0.04175686836242676
0.04191088676452637
0.04159116744995117
0.042423248291015625
0.041925907135009766
0.04233908653259277
0.04156208038330078
0.04141998291015625
0.04169201850891113
0.039749860763549805
0.04026913642883301
0.03999686241149902
0.03998589515686035
0.040239810943603516
0.04039120674133301
0.04114508628845215
0.04146409034729004
0.04210400581359863
0.04159379005432129
0.042224884033203125
0.042044878005981445
0.042279958724975586
0.041758060455322266
0.04210519790649414
0.04206538200378418
0.0419769287109375
0.0436098575592041
0.04187583923339844
0.04181408882141113
0.042028188705444336
0.04170393943786621
0.04173088073730469
0.04130983352661133
0.043334245681762695
0.04213094711303711
0.04210805892944336
0.042878150939941406
0.04163384437561035
0.04110383987426758
0.040669918060302734
0.04057502746582031
0.04057788848876953
0.04082679748535156
0.04059600830078125
0.04079008102416992
0.040667057037353516
0.03972911834716797
0.03998398780822754
0.04113626480102539
0.041777849197387695
0.04050612449645996
0.04128718376159668
0.03992414474487305
0.039568185806274414
0.04054713249206543
0.04007601737976074
0.04069709777832031
0.0403592586517334
0.041129350662231445
0.04173398017883301
0.04082298278808594
0.041029930114746094
0.041501760482788086
0.042038679122924805
0.04028010368347168
0.04051399230957031
0.04050302505493164
0.040567874908447266
0.0404820442199707
0.039852142333984375
0.040374755859375
0.04006505012512207
0.04088783264160156
0.041287899017333984
0.04023122787475586
0.039869070053100586
0.04065990447998047
0.03827309608459473
0.03955698013305664
0.038747310638427734
0.038561105728149414
0.04087090492248535
0.038167715072631836
0.038439035415649414
0.038211822509765625
0.038675785064697266
0.038739919662475586
0.03860616683959961
0.039441823959350586
0.03811192512512207
0.039031982421875
0.038780927658081055
0.03926801681518555
0.03957676887512207
0.039463043212890625
0.038697242736816406
0.03958773612976074
0.03820013999938965
0.03956413269042969
0.03874707221984863
0.03964114189147949
0.0413210391998291
0.0420229434967041
0.03977394104003906
0.03991889953613281
0.039758920669555664
0.03983497619628906
0.04027295112609863
0.040222883224487305
0.039700984954833984
0.040181875228881836
0.04004693031311035
0.0404660701751709
0.03931093215942383
0.0404660701751709
0.04120326042175293
0.03939485549926758
0.03931403160095215
0.03924202919006348
0.03940773010253906
0.03990983963012695
0.03985881805419922
0.03999209403991699
0.03921794891357422
0.0391080379486084
0.03964805603027344
0.03951001167297363
0.03947925567626953
0.03928327560424805
0.03896212577819824
0.03946995735168457
0.03940725326538086
0.03816390037536621
0.038778066635131836
0.039758920669555664
0.04057812690734863
0.03868699073791504
0.03910517692565918
0.03891396522521973
0.03904008865356445
0.03918099403381348
0.03827404975891113
0.03906583786010742
0.03953886032104492
0.03978681564331055
0.039620161056518555
0.03874397277832031
0.03952789306640625
0.039723873138427734
0.040144920349121094
0.03911304473876953
0.03929495811462402
0.040403127670288086
0.04047107696533203
0.04063701629638672
0.04017782211303711
0.03954911231994629
0.03942394256591797
0.0386500358581543
0.039247751235961914
0.03823375701904297
0.037789106369018555
0.03860616683959961
0.03921103477478027
0.03967905044555664
0.040476322174072266
0.039092063903808594
0.03995323181152344
0.038967132568359375
0.039357900619506836
0.0383610725402832
0.03816795349121094
0.0396728515625
0.03849005699157715
0.03914904594421387
0.03894186019897461
0.03830289840698242
0.039009809494018555
0.03875875473022461
0.03885006904602051
0.039456844329833984
0.03887295722961426
0.03835105895996094
0.03753209114074707
0.03947806358337402
0.038985252380371094
0.03829503059387207
0.03932332992553711
0.039071083068847656
0.03998208045959473
0.03960394859313965
0.03849291801452637
0.038919925689697266
0.038575172424316406
0.038281917572021484
0.03889822959899902
0.03884387016296387
0.037535905838012695
0.03796792030334473
0.03782200813293457
0.03719305992126465
0.036991119384765625
0.03690290451049805
0.03757023811340332
0.036463022232055664
0.0358121395111084
0.03696608543395996
0.037062883377075195
0.0365450382232666
0.037322044372558594
0.037429094314575195
0.03715205192565918
0.03759312629699707
0.03700590133666992
0.03615617752075195
0.03747892379760742
0.03635358810424805
0.03781294822692871
0.03564906120300293
0.037535905838012695
0.03760981559753418
0.036390066146850586
0.036338090896606445
0.037077903747558594
0.03691601753234863
0.03708219528198242
0.03693580627441406
0.03621697425842285
0.0366060733795166
0.03695487976074219
0.03666090965270996
0.03771233558654785
0.037442922592163086
0.037448883056640625
0.03793597221374512
0.03820681571960449
0.03839612007141113
0.03769207000732422
0.038308143615722656
0.039093017578125
0.038825035095214844
0.038919925689697266
0.037435054779052734
0.03912806510925293
0.03908205032348633
0.037355899810791016
0.036009788513183594
0.03899121284484863
0.03776884078979492
0.036538124084472656
0.03674006462097168
0.03685593605041504
0.03577876091003418
0.03641700744628906
0.04031705856323242
0.03719902038574219
0.036269187927246094
0.03789114952087402
0.03852415084838867
0.0364992618560791
0.03709006309509277
0.036959171295166016
0.037110090255737305
0.03656196594238281
0.036856889724731445
0.03662586212158203
0.037602901458740234
0.03743481636047363
0.03754782676696777
0.03765678405761719
0.03754591941833496
0.03745102882385254
0.03609204292297363
0.036643028259277344
0.0379331111907959
0.03815126419067383
0.0368199348449707
0.03763294219970703
0.03744626045227051
0.03764700889587402
0.03738117218017578
0.03754615783691406
0.038434743881225586
0.03831887245178223
0.038172245025634766
0.038977622985839844
0.03878021240234375
0.03670215606689453
0.036425113677978516
0.036730051040649414
0.0365290641784668
0.03737592697143555
0.03741788864135742
0.03697395324707031
0.0292971134185791
0.03729581832885742
0.03756403923034668
0.037587881088256836
0.037695884704589844
0.038079023361206055
0.037863969802856445
0.03826713562011719
0.03784823417663574
0.03772330284118652
0.03819704055786133
0.03817009925842285
0.038033246994018555
0.03838491439819336
0.03844308853149414
0.03870511054992676
0.03665304183959961
0.03850603103637695
0.0387730598449707
0.037058115005493164
0.03719925880432129
0.039045095443725586
0.0378880500793457
0.03762078285217285
0.038102149963378906
0.03951692581176758
0.03788900375366211
0.03849911689758301
0.038352251052856445
0.03777003288269043
0.03794097900390625
0.040461063385009766
0.03838491439819336
0.038548946380615234
0.03811311721801758
0.03819918632507324
0.03803515434265137
0.03647494316101074
0.03758382797241211
0.037734031677246094
0.03789401054382324
0.037069082260131836
0.03731799125671387
0.03640389442443848
0.03552389144897461
0.03734588623046875
0.03670501708984375
0.03690481185913086
0.04031109809875488
0.03689885139465332
0.037049055099487305
0.036219120025634766
0.036711931228637695
0.035910844802856445
0.03699302673339844
0.0373380184173584
0.0372319221496582
0.037541866302490234
0.0382380485534668
0.03763222694396973
0.03749895095825195
0.038227081298828125
0.03892874717712402
0.03818511962890625
0.0383601188659668
0.0400390625
0.03985881805419922
0.039431095123291016
0.0396120548248291
0.040422916412353516
0.040177106857299805
0.04029679298400879
0.0406649112701416
0.039727210998535156
0.04006695747375488
0.03983902931213379
0.03999590873718262
0.04051971435546875
0.040676116943359375
0.0412747859954834
0.04050421714782715
0.04142498970031738
0.041133880615234375
0.039988040924072266
0.04038500785827637
0.04193878173828125
0.04124021530151367
0.0417027473449707
0.041593074798583984
0.04155278205871582
0.041905879974365234
0.04105019569396973
0.041104793548583984
0.04108905792236328
0.0414578914642334
0.041812896728515625
0.041352272033691406
0.03994178771972656
0.04198122024536133
0.04080939292907715
0.04105710983276367
0.042430877685546875
0.040593862533569336
0.04139542579650879
0.042135000228881836
0.04179096221923828
0.04250907897949219
0.04202389717102051
0.04236793518066406
0.04251909255981445
0.0431208610534668
0.04295992851257324
0.0415341854095459
0.0433809757232666
0.042082786560058594
0.043154001235961914
0.041394948959350586
0.04446530342102051
0.04227423667907715
0.042642831802368164
0.042937278747558594
0.04295229911804199
0.04411792755126953
0.04276728630065918
0.04252505302429199
0.04219985008239746
0.0422053337097168
0.042291879653930664
0.04163384437561035
0.041927337646484375
0.041799068450927734
0.04194307327270508
0.04174494743347168
0.041886091232299805
0.04228401184082031
0.04295492172241211
0.04267692565917969
0.042124032974243164
0.04267120361328125
0.041259765625
0.04160499572753906
0.042938947677612305
0.04192805290222168
0.04284477233886719
0.04222893714904785
0.04175877571105957
0.04351019859313965
0.0429079532623291
0.044516801834106445
0.043441057205200195
0.043933868408203125
0.043331146240234375
0.04347491264343262
0.04386115074157715
0.04411005973815918
0.042886972427368164
0.043073177337646484
0.042745113372802734
0.042717933654785156
0.042877197265625
0.043202877044677734
0.04236316680908203
0.04215693473815918
0.04131197929382324
0.041290998458862305
0.042047977447509766
0.041600942611694336
0.04114890098571777
0.0417170524597168
0.04096412658691406
0.04056096076965332
0.041169166564941406
0.04053092002868652
0.04089808464050293
0.04073596000671387
0.0405268669128418
0.04059886932373047
0.040270090103149414
0.04023289680480957
0.03998208045959473
0.03854107856750488
0.0401148796081543
0.04064679145812988
0.0396730899810791
0.03826093673706055
0.03856015205383301
0.038950204849243164
0.03878283500671387
0.0391230583190918
0.0402219295501709
0.04008793830871582
0.04010200500488281
0.03963804244995117
0.04032778739929199
0.03905987739562988
0.04020094871520996
0.03914284706115723
0.03925919532775879
0.03841829299926758
0.040250301361083984
0.038768768310546875
0.040196895599365234
0.039021968841552734
0.03827190399169922
0.03908872604370117
0.038845062255859375
0.03960394859313965
0.03881192207336426
0.03866291046142578
0.03695225715637207
0.03967690467834473
0.0381617546081543
0.03838610649108887
0.03794097900390625
0.03748679161071777
0.03863120079040527
0.038049936294555664
0.03935599327087402
0.03871488571166992
0.03933310508728027
0.038738250732421875
0.038780927658081055
0.039064884185791016
0.03863406181335449
0.038899898529052734
0.038995981216430664
0.03849196434020996
0.038908958435058594
0.03876972198486328
0.038979291915893555
0.03967690467834473
0.039131879806518555
0.039260149002075195
0.03894400596618652
0.03876519203186035
0.03976893424987793
0.03936600685119629
0.04104876518249512
0.03963613510131836
0.03928995132446289
0.039650917053222656
0.03924989700317383
0.039045095443725586
0.03857922554016113
0.039314985275268555
0.03846096992492676
0.03701591491699219
0.0364842414855957
0.03606986999511719
0.0398859977722168
0.03794503211975098
0.0371701717376709
0.0363001823425293
0.035845041275024414
0.0368809700012207
0.03628993034362793
0.035668134689331055
0.035866737365722656
0.03591418266296387
0.03525996208190918
0.03574705123901367
0.0353243350982666
0.03502535820007324
0.03507518768310547
0.035173892974853516
0.03500795364379883
0.03491401672363281
0.03483390808105469
0.034655094146728516
0.03443002700805664
0.03553295135498047
0.034148216247558594
0.0346832275390625
0.03452181816101074
0.03475522994995117
0.03314518928527832
0.03390979766845703
0.03438901901245117
0.034693241119384766
0.0334169864654541
0.03426408767700195
0.03335285186767578
0.03352999687194824
0.03404808044433594
0.03348088264465332
0.034156084060668945
0.03326606750488281
0.03376412391662598
0.033930063247680664
0.03290295600891113
0.03329300880432129
0.03267312049865723
0.03243207931518555
0.0327911376953125
0.03344106674194336
0.031196117401123047
0.031552791595458984
0.03299117088317871
0.032582759857177734
0.03312420845031738
0.03177595138549805
0.03138899803161621
0.03129291534423828
0.031227827072143555
0.03221702575683594
0.03190898895263672
0.03126931190490723
0.03180098533630371
0.03075718879699707
0.03138923645019531
0.031466007232666016
0.030064105987548828
0.031212806701660156
0.03000497817993164
0.03056192398071289
0.03064417839050293
0.029424190521240234
0.030331850051879883
0.029580116271972656
0.029223918914794922
0.028815269470214844
0.030566930770874023
0.02921581268310547
0.028548002243041992
0.03190112113952637

Total time for 1000 requests: 38.6089 seconds
Average time per request: 0.0386 seconds
