0.008666038513183594
0.009980916976928711
0.009823083877563477
0.006639957427978516
0.00728297233581543
0.011466026306152344
0.013358831405639648
0.013355016708374023
0.013697147369384766
0.012087106704711914
0.014897823333740234
0.016810894012451172
0.017068862915039062
0.014336109161376953
0.014593124389648438
0.017093181610107422
0.01371908187866211
0.01471090316772461
0.01967310905456543
0.021403074264526367
0.02194499969482422
0.018435955047607422
0.018534183502197266
0.0180661678314209
0.023074865341186523
0.02406930923461914
0.020295143127441406
0.02530694007873535
0.020512819290161133
0.025548934936523438
0.021669864654541016
0.02149510383605957
0.02751016616821289
0.028342008590698242
0.02482891082763672
0.026369094848632812
0.032189130783081055
0.032801151275634766
0.033090829849243164
0.028296947479248047
0.02939891815185547
0.029149770736694336
0.029619932174682617
0.0292508602142334
0.03397393226623535
0.031001806259155273
0.030441999435424805
0.030376911163330078
0.028987884521484375
0.03057074546813965
0.03000497817993164
0.031096935272216797
0.030556917190551758
0.031829833984375
0.031090259552001953
0.03129434585571289
0.03202009201049805
0.030520915985107422
0.03080010414123535
0.031491756439208984
0.03383517265319824
0.03143811225891113
0.03390026092529297
0.03472781181335449
0.03199005126953125
0.03578329086303711
0.03343796730041504
0.034723758697509766
0.038442134857177734
0.038546085357666016
0.03603196144104004
0.03156089782714844
0.03273510932922363
0.03354787826538086
0.03368425369262695
0.032788991928100586
0.03339219093322754
0.03498506546020508
0.036065101623535156
0.032421112060546875
0.00821375846862793
0.033000946044921875
0.034197092056274414
0.03370213508605957
0.03419065475463867
0.0346379280090332
0.03505587577819824
0.03399491310119629
0.03419685363769531
0.033200979232788086
0.03390312194824219
0.03472161293029785
0.03583526611328125
0.034915924072265625
0.03479814529418945
0.0354762077331543
0.03456377983093262
0.03524899482727051
0.0342860221862793
0.03551602363586426
0.03654909133911133
0.03726315498352051
0.036911964416503906
0.03776717185974121
0.03907203674316406
0.038076162338256836
0.03723621368408203
0.03705191612243652
0.03907513618469238
0.0395510196685791
0.03729701042175293
0.03651118278503418
0.0369107723236084
0.03855180740356445
0.03882908821105957
0.03819131851196289
0.03775382041931152
0.03753495216369629
0.03697800636291504
0.0380091667175293
0.03755378723144531
0.038475990295410156
0.03826785087585449
0.03882122039794922
0.03811931610107422
0.03784799575805664
0.03918099403381348
0.03788185119628906
0.03579306602478027
0.03824210166931152
0.03636598587036133
0.03686022758483887
0.039070844650268555
0.035962820053100586
0.03560185432434082
0.03694796562194824
0.03734397888183594
0.028386831283569336
0.028859853744506836
0.03773808479309082
0.028792142868041992
0.027853012084960938
0.03789806365966797
0.029262065887451172
0.028226137161254883
0.02802109718322754
0.027987957000732422
0.02869391441345215
0.029263973236083984
0.02744126319885254
0.02986907958984375
0.027970075607299805
0.0279998779296875
0.027476072311401367
0.028197050094604492
0.029391050338745117
0.02765798568725586
0.02759099006652832
0.025986194610595703
0.028015851974487305
0.0256807804107666
0.02584099769592285
0.02933788299560547
0.025834083557128906
0.026781797409057617
0.026147127151489258
0.024859905242919922
0.02602386474609375
0.026128053665161133
0.025957107543945312
0.02662968635559082
0.027187824249267578
0.0257720947265625
0.026890039443969727
0.026767969131469727
0.026113033294677734
0.028039216995239258
0.02600407600402832
0.02557063102722168
0.02568197250366211
0.025842905044555664
0.027102947235107422
0.026113033294677734
0.025268077850341797
0.025578022003173828
0.026935815811157227
0.024126768112182617
0.02695298194885254
0.022439002990722656
0.023916959762573242
0.025104999542236328
0.025295019149780273
0.024904966354370117
0.027158021926879883
0.024907827377319336
0.024574995040893555
0.024262189865112305
0.023794174194335938
0.024498939514160156
0.02474808692932129
0.024152040481567383
0.024626970291137695
0.024646282196044922
0.02544093132019043
0.02561187744140625
0.028113126754760742
0.02626514434814453
0.02713489532470703
0.028150081634521484
0.027631282806396484
0.026285886764526367
0.026700973510742188
0.026601076126098633
0.025477170944213867
0.025449037551879883
0.02563786506652832
0.024827957153320312
0.02846813201904297
0.025834083557128906
0.025289058685302734
0.024240970611572266
0.02303910255432129
0.02423405647277832
0.021929025650024414
0.02422809600830078
0.024569034576416016
0.02536177635192871
0.02287578582763672
0.024653196334838867
0.023995161056518555
0.022958040237426758
0.02462601661682129
0.022951841354370117
0.02379012107849121
0.023221969604492188
0.022365808486938477
0.022078990936279297
0.023326873779296875
0.024231910705566406
0.023967266082763672
0.023916959762573242
0.022713899612426758
0.02350592613220215
0.024233102798461914
0.027349233627319336
0.02391195297241211
0.019411802291870117
0.022166013717651367
0.024235963821411133
0.022934913635253906
0.020056724548339844
0.019755840301513672
0.018774747848510742
0.01926565170288086
0.01895904541015625
0.01912713050842285
0.016559123992919922
0.01800704002380371
0.016163110733032227
0.020914077758789062
0.019624948501586914
0.016465187072753906
0.01644587516784668
0.017586946487426758
0.018303871154785156
0.017420053482055664
0.018957138061523438
0.017815113067626953
0.018178939819335938
0.017912864685058594
0.018733978271484375
0.019901037216186523
0.016271114349365234
0.018724679946899414
0.019876956939697266
0.01906108856201172
0.016485929489135742
0.014400005340576172
0.014644861221313477
0.014106273651123047
0.015151023864746094
0.013414859771728516
0.016005754470825195
0.015655994415283203
0.01488804817199707
0.013047218322753906
0.01351618766784668
0.011066913604736328
0.012018918991088867
0.01433110237121582
0.011820077896118164
0.011955022811889648
0.012410163879394531
0.013279914855957031
0.012371301651000977
0.012708902359008789
0.012358903884887695
0.012751102447509766
0.010067939758300781
0.013593196868896484
0.012666940689086914
0.009919881820678711
0.009629964828491211
0.009586095809936523
0.008598089218139648
0.008339166641235352
0.009729146957397461
0.01060795783996582
0.009118795394897461
0.009092092514038086
0.011590957641601562
0.011899948120117188
0.012857198715209961
0.012767791748046875
0.012634992599487305
0.012913942337036133
0.012598037719726562
0.012474775314331055
0.01276087760925293
0.013107061386108398
0.013180971145629883
0.013185977935791016
0.012722969055175781
0.01278996467590332
0.013525009155273438
0.013367891311645508
0.014328241348266602
0.014034032821655273
0.013657808303833008
0.014680862426757812
0.01454305648803711
0.014951944351196289
0.01666092872619629
0.017476797103881836
0.017098188400268555
0.01842522621154785
0.019303083419799805
0.02008795738220215
0.020054101943969727
0.020119667053222656
0.020028114318847656
0.02105402946472168
0.022362709045410156
0.022526979446411133
0.022624969482421875
0.02255702018737793
0.023166894912719727
0.02375316619873047
0.024195194244384766
0.024099111557006836
0.025271177291870117
0.024798154830932617
0.026746273040771484
0.02533888816833496
0.026994943618774414
0.02695012092590332
0.02707195281982422
0.028265953063964844
0.028439044952392578
0.029819965362548828
0.029098987579345703
0.02942490577697754
0.0298769474029541
0.029844999313354492
0.030113697052001953
0.02999091148376465
0.030314922332763672
0.030119895935058594
0.030678987503051758
0.03115081787109375
0.031005859375
0.031006813049316406
0.031121253967285156
0.03185224533081055
0.03192019462585449
0.03241610527038574
0.03253364562988281
0.032681941986083984
0.032592058181762695
0.032663822174072266
0.0325319766998291
0.03292989730834961
0.03268313407897949
0.03291916847229004
0.03310704231262207
0.03359484672546387
0.03320574760437012
0.03446793556213379
0.033814191818237305
0.03437995910644531
0.03425288200378418
0.03433084487915039
0.03496885299682617
0.03578686714172363
0.03629589080810547
0.03584003448486328
0.03778195381164551
0.03765392303466797
0.03702998161315918
0.036041975021362305
0.035884857177734375
0.03704023361206055
0.03581690788269043
0.03663372993469238
0.03835892677307129
0.03708600997924805
0.0381319522857666
0.0384221076965332
0.03846025466918945
0.03950381278991699
0.038515329360961914
0.0389556884765625
0.03959083557128906
0.03961300849914551
0.039222002029418945
0.038704872131347656
0.040055036544799805
0.04030585289001465
0.04041099548339844
0.04017996788024902
0.040602922439575195
0.04118704795837402
0.04139113426208496
0.04149818420410156
0.042463064193725586
0.04313921928405762
0.04349517822265625
0.04357314109802246
0.04375600814819336
0.04408001899719238
0.044175148010253906
0.04494023323059082
0.045288801193237305
0.04457402229309082
0.04549217224121094
0.04621171951293945
0.046278953552246094
0.046395063400268555
0.04671478271484375
0.04713702201843262
0.047640085220336914
0.04792189598083496
0.047757863998413086
0.0483548641204834
0.048660993576049805
0.048341989517211914
0.04973626136779785
0.04907393455505371
0.04962301254272461
0.049629926681518555
0.04934811592102051
0.05023002624511719
0.05096292495727539
0.0497438907623291
0.05067801475524902
0.05076479911804199
0.050495147705078125
0.050235748291015625
0.05059003829956055
0.04992103576660156
0.05095505714416504
0.050377845764160156
0.0505061149597168
0.05025219917297363
0.05159497261047363
0.05254197120666504
0.05162310600280762
0.05204010009765625
0.0520939826965332
0.05232524871826172
0.05311012268066406
0.05154991149902344
0.05366206169128418
0.053263187408447266
0.05264616012573242
0.05067920684814453
0.051241159439086914
0.051518917083740234
0.0515439510345459
0.05203676223754883
0.05207490921020508
0.05187201499938965
0.05260205268859863
0.05322074890136719
0.053272247314453125
0.05219602584838867
0.05279421806335449
0.05339694023132324
0.05322003364562988
0.05346369743347168
0.0531768798828125
0.05378103256225586
0.053518056869506836
0.05277609825134277
0.051438093185424805
0.05251479148864746
0.053826093673706055
0.052535057067871094
0.05180096626281738
0.05185675621032715
0.05170702934265137
0.05184602737426758
0.05252718925476074
0.05302691459655762
0.05319404602050781
0.05286383628845215
0.05105018615722656
0.05073714256286621
0.05304598808288574
0.052651166915893555
0.05267214775085449
0.051381826400756836
0.05209207534790039
0.051755666732788086
0.051371097564697266
0.051590919494628906
0.05346822738647461
0.05198788642883301
0.053344011306762695
0.05337119102478027
0.05359816551208496
0.05402994155883789
0.055177927017211914
0.05186605453491211
0.054064273834228516
0.05238986015319824
0.05324888229370117
0.055281877517700195
0.05130767822265625
0.05201220512390137
0.05176806449890137
0.050707101821899414
0.05295681953430176
0.05242490768432617
0.05266308784484863
0.05324912071228027
0.053208112716674805
0.05201983451843262
0.05281710624694824
0.05224800109863281
0.052213191986083984
0.05306386947631836
0.0531008243560791
0.05260634422302246
0.05336880683898926
0.052594900131225586
0.052371978759765625
0.052603960037231445
0.05121588706970215
0.05132007598876953
0.05290412902832031
0.0554509162902832
0.05303812026977539
0.054212093353271484
0.05274510383605957
0.053674936294555664
0.05299687385559082
0.05497384071350098
0.05105900764465332
0.053021907806396484
0.05117392539978027
0.05287909507751465
0.04976391792297363
0.05451798439025879
0.05263066291809082
0.05023694038391113
0.047515153884887695
0.05085921287536621
0.04767107963562012
0.05129718780517578
0.04916667938232422
0.04785799980163574
0.04843306541442871
0.04786109924316406
0.04828786849975586
0.04815196990966797
0.052088022232055664
0.05009818077087402
0.04935789108276367
0.04843401908874512
0.04828691482543945
0.049623727798461914
0.0493319034576416
0.04870009422302246
0.048691749572753906
0.04785466194152832
0.048764944076538086
0.04675483703613281
0.04643511772155762
0.04593610763549805
0.04624485969543457
0.04753684997558594
0.047628164291381836
0.049127817153930664
0.04900097846984863
0.04760289192199707
0.048568010330200195
0.048087120056152344
0.04957890510559082
0.04847002029418945
0.04785513877868652
0.04742288589477539
0.04815506935119629
0.04725909233093262
0.047435760498046875
0.04723811149597168
0.04723191261291504
0.047663211822509766
0.047879934310913086
0.04759621620178223
0.04791903495788574
0.04801201820373535
0.046823978424072266
0.04756808280944824
0.04836010932922363
0.04725503921508789
0.046256065368652344
0.04591679573059082
0.04536318778991699
0.047013282775878906
0.04442906379699707
0.044687747955322266
0.04374194145202637
0.043884992599487305
0.043845176696777344
0.04408097267150879
0.04673266410827637
0.04506206512451172
0.04513716697692871
0.04586482048034668
0.04662513732910156
0.04577207565307617
0.04724001884460449
0.0448760986328125
0.04694986343383789
0.043881893157958984
0.04536104202270508
0.04574108123779297
0.04569196701049805
0.043089866638183594
0.045263051986694336
0.043351173400878906
0.04894900321960449
0.04476499557495117
0.044480085372924805
0.04362964630126953
0.0448000431060791
0.04446291923522949
0.04447293281555176
0.04480695724487305
0.04494285583496094
0.04378819465637207
0.042279958724975586
0.04160499572753906
0.04355263710021973
0.04376673698425293
0.04234504699707031
0.04212188720703125
0.043274879455566406
0.04301810264587402
0.04195570945739746
0.04275798797607422
0.04130220413208008
0.04564404487609863
0.04244208335876465
0.0447850227355957
0.0430908203125
0.04571390151977539
0.0425570011138916
0.04555106163024902
0.043848276138305664
0.04315495491027832
0.04238009452819824
0.04330110549926758
0.04456281661987305
0.043872833251953125
0.042864084243774414
0.04488873481750488
0.04311084747314453
0.04375600814819336
0.045041799545288086
0.04328131675720215
0.0445709228515625
0.04500985145568848
0.04553866386413574
0.04556393623352051
0.045668840408325195
0.043431997299194336
0.04592776298522949
0.04590010643005371
0.04556632041931152
0.04594993591308594
0.044922828674316406
0.045236825942993164
0.04513287544250488
0.04420304298400879
0.04540896415710449
0.04377913475036621
0.04309487342834473
0.042279958724975586
0.04378700256347656
0.04612088203430176
0.0444951057434082
0.04762387275695801
0.04557609558105469
0.04495096206665039
0.04709625244140625
0.04503989219665527
0.04545402526855469
0.04593491554260254
0.045359134674072266
0.04581093788146973
0.046658992767333984
0.045034170150756836
0.04581785202026367
0.04614710807800293
0.04770994186401367
0.046823978424072266
0.04718470573425293
0.04585981369018555
0.04503512382507324
0.0448918342590332
0.04744696617126465
0.04511690139770508
0.04430985450744629
0.046293020248413086
0.045043230056762695
0.044921159744262695
0.045886993408203125
0.04586482048034668
0.045829057693481445
0.04552006721496582
0.044886112213134766
0.04406905174255371
0.02049994468688965
0.04582500457763672
0.04538917541503906
0.04609417915344238
0.045987844467163086
0.04594779014587402
0.0464169979095459
0.04697990417480469
0.045987844467163086
0.046907901763916016
0.04681873321533203
0.04824495315551758
0.04664015769958496
0.0467071533203125
0.04961800575256348
0.04735684394836426
0.047306060791015625
0.04754996299743652
0.047525882720947266
0.047189950942993164
0.04727602005004883
0.046668052673339844
0.048364877700805664
0.048277854919433594
0.04577779769897461
0.048548221588134766
0.04703116416931152
0.04957914352416992
0.04667401313781738
0.04519915580749512
0.04497408866882324
0.04442095756530762
0.04469895362854004
0.04551076889038086
0.04519510269165039
0.0451052188873291
0.04520010948181152
0.04491090774536133
0.046527862548828125
0.046427011489868164
0.0458979606628418
0.04751324653625488
0.0473170280456543
0.04692578315734863
0.04623270034790039
0.04625582695007324
0.046278953552246094
0.04807710647583008
0.04767179489135742
0.04740190505981445
0.04524421691894531
0.046977996826171875
0.045274972915649414
0.047286033630371094
0.0461430549621582
0.04758596420288086
0.04533886909484863
0.04657411575317383
0.04562973976135254
0.04575610160827637
0.0455780029296875
0.046211957931518555
0.04681992530822754
0.04609203338623047
0.04694795608520508
0.04636693000793457
0.045671939849853516
0.045625925064086914
0.046417236328125
0.04549288749694824
0.0454561710357666
0.04559898376464844
0.04590201377868652
0.04700589179992676
0.04748678207397461
0.04658985137939453
0.04826712608337402
0.046854257583618164
0.04749107360839844
0.046727895736694336
0.046929121017456055
0.04674482345581055
0.04623889923095703
0.047025203704833984
0.047644853591918945
0.047250986099243164
0.04759812355041504
0.04817008972167969
0.0471348762512207
0.046193838119506836
0.04776811599731445
0.046688079833984375
0.04586386680603027
0.047720909118652344
0.04851579666137695
0.050140380859375
0.047914981842041016
0.04829597473144531
0.04464578628540039
0.04659390449523926
0.045847177505493164
0.04709601402282715
0.04573416709899902
0.04721879959106445
0.04974794387817383
0.046977996826171875
0.04787421226501465
0.04650712013244629
0.04651594161987305
0.0479581356048584
0.047058820724487305
0.04604315757751465
0.04680204391479492
0.04579901695251465
0.04601311683654785
0.04717898368835449
0.04606795310974121
0.04573798179626465
0.045915842056274414
0.04554390907287598
0.04497671127319336
0.04444599151611328
0.04481196403503418
0.04480409622192383
0.04431271553039551
0.044931650161743164
0.04590582847595215
0.04615283012390137
0.04638791084289551
0.046211957931518555
0.0474853515625
0.04669022560119629
0.046395063400268555
0.04656195640563965
0.046422719955444336
0.046688079833984375
0.04626107215881348
0.046971797943115234
0.04460597038269043
0.043772220611572266
0.04191398620605469
0.04359889030456543
0.046347856521606445
0.046669721603393555
0.0438380241394043
0.04496622085571289
0.045105934143066406
0.0497441291809082
0.044168949127197266
0.048069000244140625
0.04698896408081055
0.04164886474609375
0.04361605644226074
0.04429912567138672
0.04408121109008789
0.0449368953704834
0.04562091827392578
0.045874834060668945
0.04374504089355469
0.04546213150024414
0.04666781425476074
0.04441523551940918
0.04577302932739258
0.04431891441345215
0.044116973876953125
0.04482889175415039
0.044606924057006836
0.04447603225708008
0.04417991638183594
0.04474687576293945
0.043280839920043945
0.044001102447509766
0.04304099082946777
0.04447507858276367
0.04120922088623047
0.0416409969329834
0.04033994674682617
0.04097628593444824
0.04004096984863281
0.0402522087097168
0.0403749942779541
0.04072117805480957
0.040695905685424805
0.04102492332458496
0.04103493690490723
0.040644168853759766
0.040593862533569336
0.04059481620788574
0.040513038635253906
0.040155887603759766
0.03952789306640625
0.040529727935791016
0.04088115692138672
0.03777813911437988
0.03857707977294922
0.03803610801696777
0.038671255111694336
0.03854775428771973
0.03841805458068848
0.038491010665893555
0.038739919662475586
0.03835797309875488
0.038130760192871094
0.03756213188171387
0.03726005554199219
0.03719210624694824
0.03722977638244629
0.03659868240356445
0.03699302673339844
0.03736615180969238
0.03658914566040039
0.03616523742675781
0.03639507293701172
0.03595590591430664
0.03602099418640137
0.03585100173950195
0.03627300262451172
0.03621697425842285
0.03603672981262207
0.035417795181274414
0.036216020584106445
0.035655975341796875
0.03635811805725098
0.037301063537597656
0.036546945571899414
0.03634309768676758
0.03423476219177246
0.03634142875671387
0.0360569953918457
0.03508877754211426
0.03485894203186035
0.03498697280883789
0.034845829010009766
0.03407001495361328
0.03435540199279785
0.034091949462890625
0.03461003303527832
0.033930063247680664
0.032058000564575195
0.030983924865722656
0.03432798385620117
0.030553817749023438
0.030059099197387695
0.030326128005981445
0.030475854873657227
0.030495882034301758
0.03168797492980957
0.03218507766723633
0.031919002532958984
0.032206058502197266
0.03236722946166992
0.0323178768157959
0.03246307373046875
0.0326230525970459
0.032362937927246094
0.03284478187561035
0.03238511085510254
0.032572031021118164
0.03214311599731445
0.03190302848815918
0.03269386291503906
0.03184986114501953
0.03259015083312988
0.03206682205200195
0.032087087631225586
0.03155398368835449

Total time for 1000 requests: 37.4205 seconds
Average time per request: 0.0374 seconds
