REST Performance Test Results
Total time for 1000 requests: 93.4932 seconds
Average time per request: 0.0935 seconds

Individual request times:
0.027634
0.027200
0.022724
0.044763
0.038911
0.048375
0.040811
0.030636
0.033509
0.035989
0.043430
0.051077
0.028381
0.017109
0.043995
0.028728
0.021822
0.024289
0.031814
0.042247
0.038346
0.023826
0.048811
0.036666
0.022844
0.034163
0.044873
0.049264
0.035175
0.044808
0.052883
0.031253
0.052375
0.044403
0.057266
0.049647
0.052395
0.049851
0.064886
0.049715
0.059234
0.055751
0.051125
0.058852
0.048681
0.058547
0.052145
0.061452
0.061263
0.059958
0.058317
0.059698
0.062369
0.061058
0.066563
0.067780
0.055672
0.064656
0.065425
0.063004
0.059326
0.059987
0.065482
0.061301
0.063669
0.071409
0.061153
0.064025
0.064725
0.061550
0.066322
0.070574
0.064768
0.059217
0.066988
0.064488
0.072202
0.073705
0.073269
0.072034
0.075488
0.082472
0.077695
0.068967
0.074747
0.067934
0.072709
0.072145
0.072117
0.078474
0.073050
0.066284
0.070117
0.074326
0.075214
0.083568
0.064947
0.069932
0.081398
0.081316
0.078183
0.075152
0.079312
0.083864
0.074241
0.072310
0.081180
0.084356
0.084960
0.087776
0.089497
0.080468
0.074454
0.079528
0.074161
0.081657
0.081722
0.080679
0.077136
0.075829
0.079792
0.082870
0.095845
0.091717
0.084188
0.090225
0.078707
0.074184
0.089352
0.078669
0.088537
0.081608
0.075429
0.087875
0.075062
0.082163
0.085214
0.088401
0.079600
0.090784
0.084947
0.092125
0.080177
0.085480
0.089954
0.088425
0.081322
0.101320
0.088153
0.093035
0.083438
0.087801
0.087351
0.085552
0.093708
0.085449
0.094067
0.091350
0.093389
0.088374
0.096037
0.089337
0.098243
0.102242
0.085954
0.090079
0.090392
0.092072
0.094073
0.089472
0.092447
0.100104
0.078416
0.095795
0.096436
0.098472
0.084352
0.105813
0.089564
0.090332
0.096128
0.089118
0.106051
0.098496
0.098189
0.090188
0.093169
0.094930
0.095554
0.106510
0.090579
0.100499
0.093094
0.092901
0.098541
0.105767
0.093079
0.093635
0.099572
0.094411
0.094859
0.095803
0.104477
0.098092
0.096660
0.098998
0.101568
0.099675
0.101946
0.103119
0.100255
0.089021
0.093994
0.104519
0.098598
0.105894
0.094762
0.106959
0.101379
0.088346
0.105588
0.098449
0.101075
0.094998
0.104235
0.105000
0.096883
0.108836
0.097333
0.095546
0.098331
0.098897
0.096114
0.101817
0.099660
0.104104
0.100946
0.099448
0.105472
0.094311
0.095643
0.098936
0.097205
0.099509
0.097885
0.102366
0.097093
0.100136
0.098295
0.096829
0.098432
0.098897
0.101868
0.098315
0.096047
0.097367
0.094845
0.092788
0.097987
0.090570
0.099018
0.095138
0.095520
0.091463
0.098965
0.096546
0.104593
0.093122
0.091700
0.092101
0.092467
0.097500
0.094667
0.092801
0.094233
0.091182
0.088681
0.093921
0.093789
0.093275
0.095172
0.093917
0.095846
0.094541
0.094316
0.096341
0.092899
0.094678
0.092796
0.093862
0.093678
0.092843
0.092871
0.093865
0.092140
0.092406
0.092586
0.093077
0.092872
0.093011
0.092641
0.092569
0.092231
0.092846
0.092738
0.092290
0.092571
0.094531
0.092862
0.091376
0.093356
0.092559
0.092357
0.093913
0.092176
0.091875
0.092021
0.090618
0.091714
0.095045
0.090493
0.091017
0.090927
0.091491
0.091731
0.092467
0.090301
0.091119
0.090171
0.090747
0.090603
0.090539
0.089326
0.089526
0.089905
0.089959
0.091033
0.089438
0.089679
0.090406
0.089683
0.090990
0.089426
0.091486
0.089478
0.089257
0.090931
0.089036
0.090451
0.089534
0.090811
0.090748
0.089404
0.090989
0.090527
0.092757
0.089385
0.090178
0.090699
0.090582
0.091381
0.091386
0.091537
0.091812
0.090572
0.095017
0.090067
0.092986
0.090858
0.089643
0.090865
0.091212
0.090159
0.091571
0.091637
0.092150
0.092188
0.091120
0.092135
0.092135
0.093161
0.091447
0.090331
0.091942
0.093440
0.090533
0.089945
0.094910
0.091526
0.091588
0.091630
0.091197
0.094294
0.092118
0.091695
0.094811
0.092842
0.094084
0.093168
0.092719
0.092913
0.094076
0.091901
0.092139
0.092585
0.093048
0.092545
0.094030
0.091682
0.093563
0.093105
0.091406
0.092727
0.092567
0.094122
0.094916
0.093944
0.090636
0.091503
0.092472
0.092456
0.092678
0.092486
0.092820
0.093816
0.091987
0.093843
0.092772
0.093643
0.093411
0.093401
0.095296
0.092680
0.092920
0.093091
0.094001
0.094125
0.094147
0.094566
0.094115
0.092988
0.094077
0.093837
0.093680
0.093731
0.094308
0.095301
0.093192
0.093422
0.094716
0.092522
0.093493
0.093916
0.092922
0.093031
0.095062
0.094978
0.091732
0.092414
0.093102
0.092563
0.093151
0.093301
0.094962
0.093825
0.091656
0.092291
0.092054
0.092427
0.093121
0.092840
0.092742
0.093969
0.092290
0.092570
0.092412
0.092473
0.092568
0.092486
0.092562
0.093330
0.093139
0.091914
0.091653
0.092405
0.093421
0.091494
0.091601
0.091440
0.091475
0.095523
0.091421
0.090150
0.090802
0.095044
0.090040
0.089640
0.094260
0.089919
0.092484
0.091012
0.091824
0.092444
0.093369
0.092452
0.092786
0.092823
0.093675
0.093258
0.091249
0.092305
0.092244
0.092420
0.092058
0.092737
0.091478
0.094168
0.091071
0.092927
0.092611
0.092917
0.092734
0.092794
0.092459
0.093007
0.092521
0.098024
0.092140
0.091723
0.091625
0.091927
0.094452
0.092086
0.091516
0.095021
0.091575
0.092586
0.093625
0.092892
0.092736
0.092990
0.093591
0.092502
0.094561
0.095202
0.091955
0.092212
0.092851
0.093220
0.093729
0.093089
0.096050
0.092680
0.093273
0.092465
0.095767
0.094377
0.092261
0.091977
0.094548
0.093279
0.093235
0.092808
0.092342
0.092495
0.092839
0.092635
0.092966
0.092678
0.093784
0.094008
0.093417
0.093441
0.092826
0.093764
0.094625
0.092634
0.097863
0.092634
0.093467
0.092649
0.096120
0.095217
0.097041
0.095333
0.095726
0.095468
0.095917
0.097552
0.095575
0.096519
0.095100
0.101832
0.094594
0.095070
0.095145
0.094935
0.096327
0.096543
0.093123
0.094608
0.096550
0.094544
0.094701
0.095257
0.098035
0.094561
0.094005
0.094588
0.094930
0.095283
0.097634
0.097951
0.095708
0.093297
0.095180
0.095462
0.097502
0.094593
0.095283
0.095150
0.095631
0.096935
0.095648
0.095520
0.096644
0.097584
0.096288
0.095069
0.095896
0.094713
0.095359
0.096266
0.095783
0.095373
0.094706
0.095002
0.094606
0.095531
0.095044
0.097483
0.094290
0.094089
0.098097
0.093810
0.094491
0.096988
0.094681
0.094606
0.094117
0.096778
0.096463
0.095521
0.094450
0.096114
0.094414
0.096222
0.094322
0.097285
0.094619
0.095238
0.095551
0.097429
0.097007
0.094940
0.095659
0.097731
0.095551
0.095396
0.094115
0.095283
0.095474
0.096678
0.096620
0.096168
0.094988
0.096126
0.094970
0.094204
0.094379
0.097112
0.092105
0.092520
0.092138
0.094033
0.093114
0.093056
0.093226
0.093887
0.091931
0.093394
0.093586
0.096358
0.093100
0.095630
0.092142
0.094420
0.093128
0.094198
0.094293
0.092944
0.093485
0.093570
0.093431
0.093589
0.093805
0.095307
0.092771
0.093073
0.094876
0.093112
0.092908
0.093172
0.093865
0.094429
0.093192
0.094181
0.093361
0.093142
0.091724
0.093022
0.092805
0.092027
0.093502
0.095653
0.093724
0.092790
0.092521
0.093879
0.093655
0.094911
0.094648
0.092422
0.093872
0.095475
0.093938
0.095598
0.093774
0.094891
0.096017
0.095036
0.095068
0.096707
0.094191
0.093633
0.094431
0.095225
0.095058
0.095899
0.096178
0.094147
0.094567
0.096603
0.094788
0.096869
0.099023
0.094914
0.094617
0.096455
0.097394
0.100615
0.096642
0.096481
0.094898
0.097908
0.097841
0.097186
0.097459
0.099698
0.098180
0.098943
0.100742
0.099301
0.099375
0.099579
0.100290
0.100510
0.099363
0.100401
0.100250
0.099789
0.099805
0.099741
0.099378
0.098885
0.101951
0.099173
0.099232
0.100026
0.100988
0.099124
0.101045
0.098338
0.098853
0.098475
0.102095
0.098672
0.100036
0.099802
0.101984
0.100657
0.102876
0.101091
0.104020
0.103523
0.101617
0.103611
0.102125
0.105008
0.105066
0.102568
0.104857
0.104745
0.104911
0.106050
0.105921
0.106138
0.110579
0.106167
0.108262
0.107728
0.108957
0.108974
0.108039
0.106929
0.109540
0.107232
0.108728
0.108207
0.108852
0.109479
0.108377
0.109909
0.111076
0.111369
0.110971
0.110842
0.112818
0.113387
0.112557
0.110494
0.110487
0.111297
0.111931
0.111962
0.110520
0.113151
0.111228
0.110531
0.114025
0.114522
0.110300
0.112019
0.110436
0.110033
0.112271
0.112048
0.110805
0.111219
0.109553
0.110452
0.110149
0.112685
0.109554
0.112556
0.111679
0.110185
0.110732
0.110882
0.111888
0.107563
0.108145
0.108059
0.108771
0.108160
0.108140
0.111718
0.108607
0.109832
0.111866
0.110571
0.110885
0.108240
0.110841
0.112761
0.111158
0.111467
0.111357
0.116753
0.111542
0.111585
0.113209
0.111502
0.114955
0.116874
0.112066
0.114130
0.112912
0.115271
0.115124
0.118778
0.115897
0.114800
0.112849
0.115617
0.114752
0.115048
0.115373
0.115238
0.115374
0.114950
0.114207
0.114483
0.114857
0.113500
0.113606
0.112146
0.112144
0.113249
0.110960
0.109587
0.110035
0.110456
0.110208
0.111947
0.110698
0.108216
0.109893
0.110628
0.110060
0.109228
0.110074
0.107991
0.107688
0.108668
0.106846
0.109374
0.107971
0.108865
0.110430
0.111247
0.117221
0.111890
0.112682
0.116035
0.117522
0.114919
0.116602
0.119977
0.119223
0.117005
0.118527
0.119647
0.121008
0.121371
0.122135
0.119922
0.122904
0.122457
0.122318
0.121422
0.122339
0.121330
0.120410
0.119513
0.119715
0.120024
0.120149
0.120049
0.119722
0.118639
0.118847
0.118506
0.118320
0.118558
0.118563
0.120104
0.115870
0.114916
0.114903
0.115193
0.115884
0.118335
0.114804
0.113630
0.114778
0.114378
0.115476
0.112298
0.113011
0.113640
0.111205
0.111422
0.111902
0.109967
0.108005
0.109328
0.109721
0.109355
0.106741
