REST Performance Test Results
Total time for 1000 requests: 93.6425 seconds
Average time per request: 0.0936 seconds

Individual request times:
0.026140
0.042880
0.050849
0.033724
0.027343
0.039118
0.034653
0.029899
0.029101
0.023442
0.039841
0.042351
0.041845
0.039618
0.018207
0.032501
0.038518
0.030446
0.023181
0.019380
0.019004
0.037494
0.039436
0.016554
0.020783
0.052408
0.026374
0.042047
0.040136
0.044202
0.043426
0.043438
0.047543
0.045806
0.048888
0.047004
0.044625
0.051550
0.047455
0.050515
0.053032
0.058658
0.047586
0.057297
0.056038
0.053411
0.060148
0.053530
0.061195
0.060433
0.056038
0.059224
0.063794
0.062752
0.060660
0.058088
0.062276
0.060625
0.065059
0.067079
0.060534
0.064054
0.059339
0.059016
0.073230
0.072130
0.068211
0.060374
0.065974
0.068200
0.062944
0.069921
0.061387
0.064621
0.065536
0.061468
0.077390
0.062208
0.063724
0.067731
0.061858
0.067366
0.077695
0.063504
0.074193
0.063310
0.076269
0.062839
0.071649
0.064862
0.065824
0.063248
0.074514
0.067761
0.061994
0.064466
0.067839
0.067471
0.070331
0.069903
0.065847
0.072705
0.071695
0.075079
0.080601
0.073427
0.076823
0.070658
0.073851
0.071507
0.075540
0.073760
0.076892
0.073709
0.072204
0.074368
0.072613
0.072117
0.070429
0.074115
0.074853
0.072182
0.070503
0.076584
0.073386
0.072629
0.072978
0.079585
0.075538
0.076823
0.071959
0.075093
0.071076
0.075015
0.075514
0.082385
0.072014
0.072336
0.073170
0.071743
0.074597
0.073126
0.073285
0.078933
0.073468
0.073093
0.077053
0.077479
0.073738
0.075407
0.079789
0.087697
0.073726
0.076700
0.077370
0.070073
0.069506
0.070456
0.083371
0.081974
0.074667
0.080690
0.071612
0.068884
0.077269
0.069820
0.073195
0.080115
0.080450
0.079493
0.082431
0.084436
0.079713
0.079742
0.080057
0.085274
0.083871
0.082227
0.079839
0.080313
0.086985
0.084301
0.085808
0.082097
0.089661
0.086973
0.083252
0.085130
0.085757
0.086777
0.086146
0.089691
0.094912
0.088560
0.086863
0.090291
0.094939
0.091753
0.095325
0.092992
0.089260
0.095384
0.096509
0.094106
0.096831
0.094049
0.097930
0.096939
0.093841
0.096680
0.096405
0.096176
0.095512
0.095613
0.095853
0.096395
0.095955
0.095929
0.095425
0.097882
0.094989
0.095407
0.097088
0.096449
0.095059
0.095534
0.096088
0.095909
0.096711
0.094343
0.094630
0.094785
0.095266
0.094661
0.095048
0.094248
0.095103
0.095255
0.095645
0.094647
0.094453
0.094895
0.096978
0.095247
0.093348
0.094904
0.095197
0.093563
0.094766
0.093579
0.094328
0.093337
0.093927
0.094415
0.094598
0.094136
0.093768
0.093973
0.094987
0.092268
0.093580
0.095346
0.091822
0.090803
0.090517
0.091390
0.091327
0.092193
0.090401
0.091636
0.092091
0.090748
0.091785
0.091734
0.091988
0.092039
0.091683
0.091858
0.092046
0.091641
0.091569
0.091222
0.090258
0.091638
0.090581
0.092536
0.090987
0.089845
0.092295
0.091140
0.092205
0.092204
0.091641
0.091568
0.091039
0.092078
0.089817
0.092347
0.089622
0.090806
0.089307
0.089796
0.089817
0.090171
0.091115
0.089272
0.090943
0.089480
0.090314
0.091704
0.088845
0.089288
0.090124
0.089502
0.090564
0.088995
0.090085
0.089993
0.089478
0.089463
0.089199
0.089240
0.088259
0.088806
0.090833
0.089263
0.089412
0.090929
0.090623
0.088984
0.089802
0.092240
0.090560
0.088983
0.089460
0.090163
0.090370
0.092406
0.090073
0.088822
0.090315
0.091923
0.089121
0.091623
0.089950
0.091504
0.091565
0.091830
0.090810
0.092815
0.091892
0.093084
0.091445
0.091588
0.091921
0.092241
0.092425
0.092467
0.092513
0.093665
0.093374
0.092376
0.092921
0.093340
0.093443
0.099835
0.099741
0.099489
0.099967
0.100997
0.101715
0.098427
0.101007
0.098724
0.101125
0.099345
0.100252
0.100035
0.099882
0.099814
0.099702
0.100488
0.100530
0.100518
0.100453
0.098961
0.099702
0.100111
0.099627
0.100655
0.099526
0.099654
0.099757
0.099626
0.099509
0.099539
0.099315
0.100033
0.098696
0.099649
0.099221
0.099872
0.100308
0.100252
0.100780
0.099294
0.099118
0.099884
0.099797
0.100171
0.099751
0.100111
0.099729
0.100415
0.099982
0.100319
0.098885
0.099386
0.101175
0.100252
0.098800
0.099808
0.100643
0.099042
0.099739
0.101650
0.099498
0.100234
0.100595
0.099592
0.099569
0.098977
0.099506
0.101718
0.099459
0.100609
0.098412
0.099356
0.099259
0.099004
0.099507
0.102019
0.100424
0.097583
0.099504
0.099792
0.098287
0.098605
0.099286
0.097876
0.098397
0.098162
0.098326
0.098316
0.101147
0.098599
0.096953
0.097759
0.098310
0.097507
0.097899
0.098124
0.098433
0.098508
0.099528
0.091046
0.091975
0.093694
0.091461
0.090470
0.092464
0.090366
0.090905
0.091765
0.091884
0.091281
0.090103
0.090883
0.091664
0.092080
0.092066
0.093962
0.090862
0.091733
0.090670
0.092527
0.092363
0.091939
0.091616
0.090669
0.091413
0.091613
0.091787
0.092039
0.093556
0.091385
0.091541
0.096160
0.091090
0.093040
0.096246
0.094642
0.094850
0.097431
0.095371
0.094386
0.097111
0.094519
0.094328
0.095734
0.096098
0.095002
0.096293
0.095868
0.096169
0.095332
0.096383
0.096168
0.095008
0.095452
0.096285
0.095854
0.095441
0.096196
0.097714
0.094804
0.094239
0.093763
0.096571
0.094870
0.095290
0.095408
0.095366
0.098347
0.094095
0.094732
0.095187
0.095652
0.095696
0.096837
0.095396
0.095090
0.094954
0.097055
0.097999
0.093863
0.094194
0.096339
0.094731
0.095691
0.095655
0.096582
0.095175
0.096723
0.094990
0.096052
0.094716
0.095565
0.095670
0.095346
0.097100
0.095170
0.094067
0.094778
0.094332
0.094666
0.095866
0.093965
0.095380
0.096017
0.095219
0.095967
0.094810
0.094870
0.094166
0.098457
0.098077
0.096423
0.092470
0.092340
0.098873
0.093681
0.094481
0.093301
0.095149
0.094950
0.094953
0.095965
0.097125
0.095308
0.095206
0.095395
0.095937
0.095610
0.095883
0.098582
0.095611
0.095699
0.093762
0.093445
0.093082
0.093481
0.093295
0.092474
0.093636
0.091780
0.092894
0.092622
0.093780
0.091812
0.092471
0.093524
0.092669
0.095194
0.092429
0.091262
0.093512
0.092603
0.095914
0.092707
0.092443
0.093063
0.093577
0.095023
0.092442
0.093172
0.093699
0.094977
0.092604
0.093914
0.094116
0.096388
0.093645
0.092827
0.093427
0.093531
0.093916
0.094304
0.093865
0.093562
0.093661
0.093721
0.093135
0.093741
0.092243
0.093102
0.092551
0.093197
0.093154
0.093506
0.093279
0.092853
0.095115
0.094904
0.091554
0.094197
0.094414
0.094033
0.096821
0.094442
0.093522
0.092275
0.094218
0.094203
0.095411
0.093884
0.093941
0.093693
0.093984
0.093363
0.093671
0.093345
0.094209
0.093882
0.094814
0.092759
0.093128
0.093493
0.093691
0.093121
0.093354
0.092421
0.092842
0.092201
0.092742
0.092755
0.092429
0.091553
0.092545
0.091088
0.092660
0.092093
0.092182
0.092923
0.091255
0.097244
0.090386
0.093241
0.090226
0.090755
0.091282
0.092455
0.092750
0.092768
0.093414
0.093289
0.096009
0.093218
0.094179
0.093375
0.096370
0.094475
0.093332
0.095735
0.093273
0.092892
0.093756
0.094200
0.094728
0.092987
0.095154
0.093172
0.093153
0.096789
0.094491
0.092608
0.092205
0.092842
0.093895
0.093323
0.093407
0.097211
0.093452
0.092262
0.093069
0.092665
0.092903
0.092957
0.093279
0.094491
0.092795
0.097254
0.094359
0.092909
0.093867
0.095112
0.095477
0.095218
0.096001
0.095863
0.096424
0.096458
0.096593
0.097038
0.095375
0.097088
0.096323
0.097811
0.095486
0.098070
0.096645
0.098368
0.097933
0.099396
0.098340
0.098473
0.101045
0.098284
0.099080
0.099290
0.102330
0.099143
0.100463
0.098888
0.104278
0.100239
0.101563
0.100797
0.100429
0.101810
0.103721
0.101535
0.101824
0.101868
0.102140
0.102843
0.101719
0.102735
0.102120
0.102639
0.103588
0.102839
0.102172
0.103006
0.101746
0.103397
0.101521
0.101600
0.101099
0.102175
0.101387
0.103664
0.101045
0.100520
0.101746
0.100485
0.100666
0.099873
0.103600
0.101041
0.099886
0.104423
0.099211
0.101253
0.100980
0.103481
0.103137
0.103436
0.107236
0.103581
0.103729
0.103428
0.104950
0.104296
0.105232
0.106940
0.107872
0.106235
0.106692
0.109806
0.106952
0.106898
0.108350
0.108664
0.109693
0.109654
0.114316
0.110261
0.110947
0.112588
0.109323
0.112701
0.111205
0.113445
0.113131
0.113509
0.113783
0.114514
0.114564
0.114026
0.114012
0.114473
0.114176
0.117228
0.116123
0.114427
0.114307
0.116701
0.114476
0.114277
0.114875
0.114065
0.114733
0.114616
0.118773
0.113372
0.117490
0.112677
0.115606
0.112876
0.112968
0.114174
0.114124
0.113690
0.112825
0.113025
0.118890
0.111524
0.113576
0.114702
0.112154
0.115843
0.114177
0.115351
0.115890
0.116823
0.116869
0.117137
0.117829
0.119014
0.118454
0.118858
0.121231
0.119954
0.122843
0.119119
0.122388
0.121410
0.122790
0.122780
0.124472
0.121351
0.124841
0.125254
0.125008
0.126532
0.125629
0.126611
0.126081
0.128661
0.126599
0.127550
0.129870
0.128148
0.129883
0.128760
0.132779
0.129830
0.131058
0.131279
0.134359
0.131400
0.134375
0.135207
0.132702
0.133178
0.133532
0.132663
0.135098
0.132069
0.134832
0.137375
0.135325
0.137182
0.133909
0.133383
0.133421
0.134046
0.132906
0.131176
0.131825
0.132497
0.130025
0.128377
0.129163
0.128894
0.128222
0.127161
0.126544
0.126649
0.126157
0.125356
0.125390
0.122261
0.122920
0.124219
0.122960
0.123266
0.122294
0.121270
0.123020
0.121134
0.121144
0.120101
0.121561
0.118413
0.118535
0.118796
0.119473
0.118495
0.119749
0.117677
0.118593
0.117846
0.118594
0.117480
0.117773
0.116874
0.117277
0.115387
0.116541
0.115286
0.115056
0.115283
0.114437
0.113265
0.113460
0.112634
0.112148
0.110447
0.110185
0.110149
0.108182
0.108730
0.109529
0.106111
0.108482
0.106636
0.106702
0.104168
