REST Performance Test Results
Total time for 1000 requests: 89.7629 seconds
Average time per request: 0.0898 seconds

Individual request times:
0.084709
0.074795
0.050302
0.095348
0.073533
0.056624
0.036468
0.049926
0.038948
0.066758
0.088705
0.077485
0.032330
0.076928
0.091010
0.058907
0.075967
0.079853
0.053581
0.061355
0.086157
0.034049
0.057887
0.028173
0.060615
0.035982
0.049326
0.082212
0.083391
0.049799
0.092431
0.084180
0.040225
0.050423
0.037934
0.091072
0.069960
0.087102
0.038377
0.044238
0.035698
0.069454
0.043967
0.028380
0.055659
0.044463
0.089537
0.077136
0.058398
0.053234
0.048460
0.024669
0.031865
0.067466
0.065920
0.083497
0.062700
0.064241
0.073159
0.054948
0.079547
0.082376
0.080980
0.086102
0.080877
0.086437
0.087195
0.082913
0.080214
0.084087
0.076107
0.077597
0.080295
0.079655
0.085795
0.082988
0.082340
0.081506
0.079464
0.081096
0.084499
0.083031
0.080252
0.080856
0.084191
0.084832
0.085050
0.081891
0.084315
0.081459
0.083826
0.089909
0.089099
0.085200
0.082246
0.081121
0.084090
0.082026
0.086055
0.082260
0.087712
0.085717
0.088063
0.083530
0.087000
0.085098
0.084948
0.091132
0.087847
0.086582
0.085262
0.086535
0.085344
0.087387
0.087698
0.089581
0.088310
0.086986
0.091031
0.089264
0.088689
0.092626
0.086808
0.089317
0.089389
0.085506
0.090584
0.085422
0.082250
0.096185
0.083251
0.090395
0.086930
0.084879
0.088779
0.097732
0.089738
0.088778
0.086970
0.090449
0.090072
0.095881
0.100779
0.096351
0.092548
0.096321
0.084874
0.087597
0.087183
0.087502
0.089875
0.094496
0.087181
0.099996
0.092349
0.089118
0.091026
0.092441
0.092886
0.091554
0.090400
0.090429
0.094802
0.094578
0.089351
0.090710
0.094612
0.089989
0.092534
0.093363
0.093674
0.092705
0.093631
0.092158
0.093859
0.092271
0.093388
0.093403
0.093967
0.093203
0.093205
0.092992
0.092955
0.093888
0.092605
0.094366
0.093666
0.093960
0.094526
0.094437
0.094170
0.094172
0.094888
0.094703
0.094337
0.097234
0.093804
0.093132
0.094120
0.095817
0.096412
0.092880
0.094035
0.094522
0.095586
0.094980
0.095799
0.093266
0.095200
0.093368
0.095782
0.095260
0.094198
0.094918
0.094680
0.094444
0.094166
0.094522
0.093967
0.093613
0.094300
0.094396
0.095628
0.092511
0.095057
0.092157
0.094017
0.094596
0.093860
0.094069
0.093434
0.094062
0.092564
0.093253
0.094117
0.094281
0.095068
0.092659
0.094465
0.093484
0.095151
0.092305
0.093949
0.092916
0.093219
0.093462
0.093361
0.093210
0.093465
0.093482
0.093577
0.092623
0.092490
0.092604
0.092318
0.093430
0.092860
0.093220
0.091949
0.095605
0.094590
0.093106
0.090994
0.092725
0.095919
0.092951
0.092887
0.091964
0.093225
0.094454
0.092039
0.092264
0.092578
0.095658
0.092626
0.093208
0.093548
0.094097
0.093422
0.093759
0.093790
0.094178
0.093699
0.093400
0.094514
0.091892
0.092806
0.092959
0.092475
0.094370
0.091997
0.092583
0.093505
0.092302
0.093700
0.093247
0.093771
0.092897
0.091320
0.095218
0.092316
0.092567
0.092620
0.092885
0.093770
0.092108
0.093207
0.092809
0.092090
0.093232
0.092763
0.092040
0.094624
0.093665
0.092112
0.093462
0.093224
0.094017
0.096233
0.094388
0.093227
0.092651
0.093932
0.092390
0.094734
0.092746
0.093512
0.095582
0.093304
0.094244
0.093482
0.094108
0.093411
0.093952
0.092190
0.093420
0.093791
0.092693
0.094059
0.092813
0.092224
0.092395
0.095005
0.092498
0.095128
0.092317
0.095175
0.094668
0.095994
0.093363
0.093526
0.095755
0.093203
0.093553
0.094705
0.093718
0.094010
0.094898
0.094044
0.094938
0.093131
0.093062
0.095318
0.093120
0.094641
0.093814
0.094157
0.094022
0.093624
0.093248
0.093368
0.093396
0.093361
0.092377
0.092019
0.094166
0.091626
0.091436
0.091816
0.092152
0.091995
0.091696
0.091785
0.091046
0.093262
0.092026
0.090849
0.091765
0.092735
0.090860
0.096031
0.092564
0.094577
0.094788
0.093366
0.094146
0.094559
0.093053
0.094090
0.094591
0.092695
0.093853
0.095213
0.095120
0.093096
0.095430
0.094235
0.093639
0.094250
0.093612
0.093499
0.094825
0.092217
0.093825
0.092634
0.094184
0.093132
0.095244
0.090861
0.092901
0.094891
0.092953
0.093653
0.098126
0.093616
0.093333
0.091825
0.092307
0.093452
0.092439
0.096729
0.093197
0.092103
0.093606
0.095876
0.093913
0.095455
0.094517
0.094652
0.094883
0.096840
0.095421
0.094216
0.094377
0.094962
0.093305
0.093529
0.094125
0.094512
0.099189
0.095703
0.093310
0.094018
0.094432
0.094552
0.096326
0.097421
0.095011
0.093284
0.094013
0.094622
0.099371
0.094823
0.094361
0.096127
0.094856
0.093771
0.094954
0.096157
0.096121
0.096233
0.096575
0.096681
0.096659
0.097065
0.096107
0.096882
0.095621
0.096657
0.096443
0.096647
0.096654
0.096954
0.097067
0.098419
0.095639
0.097534
0.096168
0.096836
0.097936
0.096997
0.097779
0.093243
0.095879
0.093381
0.093977
0.094991
0.095404
0.095248
0.094382
0.095073
0.095118
0.092739
0.093564
0.094010
0.093044
0.095297
0.093398
0.098115
0.093555
0.094733
0.092509
0.096393
0.093485
0.094016
0.094599
0.094429
0.094383
0.093132
0.093915
0.094468
0.093245
0.094658
0.092301
0.093362
0.093625
0.093237
0.094144
0.092582
0.093486
0.093246
0.093477
0.092645
0.094060
0.091619
0.094834
0.092248
0.091687
0.092690
0.092601
0.092257
0.093611
0.092464
0.092885
0.092753
0.093202
0.092479
0.092396
0.091925
0.091181
0.091669
0.090430
0.095279
0.091100
0.090060
0.090048
0.090525
0.090626
0.091119
0.090687
0.090874
0.090201
0.090810
0.089297
0.089949
0.090874
0.090934
0.091049
0.089861
0.090189
0.090846
0.092880
0.089973
0.092587
0.092349
0.089257
0.089960
0.093058
0.090678
0.091919
0.091907
0.091970
0.092701
0.091211
0.091650
0.094426
0.091022
0.090563
0.091905
0.091144
0.093119
0.091057
0.091659
0.090768
0.092071
0.092887
0.091657
0.092593
0.092517
0.093023
0.093421
0.091714
0.092730
0.092951
0.095368
0.095046
0.094418
0.089887
0.091000
0.091919
0.093148
0.091610
0.091834
0.094340
0.092009
0.091967
0.092706
0.093081
0.093641
0.092170
0.091898
0.096519
0.091797
0.091861
0.094504
0.091807
0.091693
0.092958
0.093766
0.100499
0.091922
0.096286
0.091089
0.093424
0.093614
0.089909
0.092936
0.093468
0.093345
0.093281
0.093912
0.092356
0.092715
0.095922
0.094455
0.091361
0.092098
0.093827
0.094988
0.093130
0.095325
0.094131
0.094113
0.094256
0.095873
0.093832
0.093589
0.094743
0.094203
0.094692
0.094812
0.095046
0.094447
0.096051
0.094569
0.096794
0.094762
0.096120
0.093944
0.095891
0.094280
0.094309
0.093696
0.095494
0.093276
0.093882
0.094827
0.093213
0.094844
0.092794
0.092683
0.093258
0.092946
0.092976
0.093097
0.092226
0.093447
0.093974
0.091515
0.092137
0.092319
0.092000
0.092042
0.092489
0.091597
0.091284
0.091585
0.092402
0.090907
0.093027
0.091896
0.090276
0.093812
0.091081
0.091121
0.090655
0.091421
0.093688
0.092880
0.091856
0.093694
0.092576
0.096002
0.090164
0.092114
0.091288
0.093760
0.091857
0.093417
0.092118
0.093148
0.092813
0.093510
0.092524
0.091655
0.092361
0.092909
0.096071
0.091411
0.093085
0.091799
0.090719
0.092635
0.092351
0.089927
0.089187
0.091890
0.091669
0.092742
0.091270
0.092059
0.091909
0.092058
0.092347
0.090472
0.090818
0.090967
0.091123
0.090900
0.091800
0.089865
0.090125
0.090744
0.092298
0.089960
0.089698
0.091398
0.089883
0.090779
0.092354
0.090563
0.093607
0.090629
0.089868
0.090083
0.090945
0.089590
0.091955
0.090559
0.089001
0.090747
0.090748
0.090423
0.090633
0.091344
0.091423
0.091086
0.090096
0.091700
0.091375
0.089932
0.090759
0.092140
0.091000
0.091561
0.091600
0.090977
0.091619
0.091400
0.091479
0.091351
0.091495
0.091600
0.093286
0.091305
0.093935
0.091302
0.091530
0.091980
0.091633
0.091663
0.092098
0.092964
0.090431
0.093427
0.092545
0.090212
0.091425
0.091640
0.091784
0.090800
0.093265
0.090709
0.091190
0.092182
0.090963
0.091071
0.092487
0.090828
0.092081
0.090390
0.091147
0.090918
0.091510
0.092426
0.090869
0.090952
0.090978
0.090118
0.090997
0.092313
0.090645
0.090687
0.091176
0.092220
0.091384
0.090969
0.092044
0.091176
0.091518
0.093344
0.091582
0.092457
0.093328
0.091854
0.093000
0.092883
0.092730
0.093274
0.092897
0.093431
0.093727
0.092909
0.094096
0.092899
0.093649
0.092607
0.092514
0.092952
0.091565
0.092172
0.093859
0.092291
0.091069
0.092729
0.093303
0.091529
0.091790
0.096222
0.091908
0.092680
0.091492
0.092247
0.092574
0.091613
0.093057
0.092429
0.092733
0.093915
0.091507
0.092870
0.092879
0.094904
0.091899
0.091672
0.091678
0.092808
0.091853
0.093669
0.094336
0.091235
0.092354
0.096718
0.092926
0.091222
0.092682
0.093850
0.090565
0.092345
0.092811
0.093736
0.093154
0.092720
0.091172
0.092562
0.090929
0.091704
0.090760
0.091030
0.090940
0.090701
0.090485
0.089797
0.090000
0.089753
0.089967
0.090523
0.088522
0.089213
0.088939
0.088880
0.088676
0.088191
0.087534
0.087738
0.091036
0.087219
0.087123
0.087201
0.087610
0.086960
0.090306
0.086439
0.086592
0.086256
0.087010
0.086926
0.085869
0.087308
0.085591
0.085158
0.084737
0.085066
0.085174
0.084950
0.085323
0.086422
0.085541
0.085326
0.085511
0.086068
0.086471
0.085867
0.085174
0.083754
0.086912
0.088828
0.084130
0.083377
0.084911
0.084723
0.084143
0.084258
0.084237
0.085690
0.084051
0.082803
0.084283
0.083185
0.083032
0.083279
0.082877
0.082811
0.082619
0.082710
0.081758
0.082289
0.082213
0.081779
0.081473
0.080422
0.081114
0.080791
0.081049
0.080786
0.080434
0.080244
0.080035
0.079624
0.079318
0.079859
0.078545
0.078364
0.078460
0.078156
0.078238
0.078016
0.078126
0.077129
0.077191
